76561197960366517
76561197960849993
76561197960990297
76561197961375242
76561197962357486
76561197962473290
76561197963404183
76561197967370314
76561197968785069
76561197969764450
76561197969803843
76561197970417960
76561197970706474
76561197971002564
76561197972083307
76561197972661737
76561197973009892
76561197974741969
76561197978157828
76561197978225364
76561197979012436
76561197980008531
76561197983404616
76561197985212227
76561197985876538
76561197985964113
76561197986310914
76561197986432154
76561197986562643
76561197987596512
76561197990254613
76561197990467085
76561197991613902
76561197991674066
76561197991719606
76561197991953106
76561197992076130
76561197992876638
76561197993352178
76561197993660314
76561197996036318
76561197996754204
76561197997290250
76561197998639116
76561197998924078
76561197999043178
76561198000155363
76561198001468649
76561198002441977
76561198002978377
76561198003689790
76561198006679254
76561198006846426
76561198006963719
76561198009581518
76561198011161043
76561198011718818
76561198012890003
76561198012893802
76561198013814653
76561198015062183
76561198015844672
76561198016764498
76561198017879542
76561198018485504
76561198018943325
76561198020671379
76561198021932444
76561198022899705
76561198023616180
76561198024968498
76561198025332283
76561198025363583
76561198025484439
76561198025709131
76561198026039547
76561198026484166
76561198026832641
76561198028705366
76561198029426951
76561198029876202
76561198032215783
76561198034154230
76561198034218057
76561198035322565
76561198035909619
76561198037039987
76561198037630370
76561198039743143
76561198040166959
76561198040177655
76561198040296837
76561198040515626
76561198040967962
76561198042222618
76561198042322575
76561198042787444
76561198043761594
76561198043958304
76561198045168497
76561198045817329
76561198046558312
76561198047029711
76561198047138958
76561198048474901
76561198048880468
76561198049296738
76561198049447391
76561198051686594
76561198054009991
76561198054896545
76561198056116324
76561198056179470
76561198056783851
76561198061959906
76561198063206843
76561198063574735
76561198063633713
76561198064733342
76561198066281984
76561198067008605
76561198069026042
76561198069729528
76561198071232601
76561198072055704
76561198072367262
76561198073281446
76561198073764076
76561198074767136
76561198075244247
76561198078546628
76561198078869814
76561198080438154
76561198083398156
76561198084734203
76561198085037404
76561198088533464
76561198088956582
76561198089988166
76561198090059280
76561198090710087
76561198092132125
76561198094222357
76561198094354249
76561198099603091
76561198100215260
76561198100355523
76561198104249158
76561198110243712
76561198110446611
76561198111433283
76561198112952480
76561198114926350
76561198115066129
76561198119085083
76561198121188476
76561198121224690
76561198123519814
76561198123825216
76561198129782984
76561198130215818
76561198130500709
76561198130800279
76561198132556503
76561198138494160
76561198139619864
76561198142308311
76561198142585098
76561198142867621
76561198144198430
76561198146995345
76561198150396857
76561198151726606
76561198152699107
76561198153458973
76561198156429317
76561198157474519
76561198160074756
76561198160392629
76561198162919813
76561198164199213
76561198165706151
76561198166807093
76561198167026932
76561198167647639
76561198168124321
76561198169030036
76561198169228750
76561198169442639
76561198174626575
76561198175407531
76561198176728158
76561198183630415
76561198193682542
76561198194664487
76561198198027242
76561198206776096
76561198210364956
76561198213909425
76561198220187444
76561198223474840
76561198234708316
76561198237268078
76561198240091634
76561198241066464
76561198247399410
76561198250689918
76561198251722620
76561198257676308
76561198261864399
76561198265202179
76561198265827647
76561198269049587
76561198269566545
76561198271431873
76561198273084935
76561198276262312
76561198282297406
76561198285586038
76561198286330809
76561198287455504
76561198292502303
76561198294571624
76561198295408588
76561198297880028
76561198298966673
76561198299372290
76561198305608672
76561198307712438
76561198310517205
76561198312734211
76561198312923173
76561198313094609
76561198315722737
76561198328149896
76561198333303624
76561198337223711
76561198347702372
76561198347797414
76561198353504029
76561198354200730
76561198354951194
76561198355370507
76561198357284425
76561198360400909
76561198365488745
76561198366727126
76561198367882267
76561198368598927
76561198372995571
76561198375591808
76561198376770126
76561198377038309
76561198378038677
76561198381986638
76561198382390407
76561198384279653
76561198387182190
76561198387540181
76561198392844260
76561198392872604
76561198393135045
76561198393265942
76561198393718902
76561198395341809
76561198395668050
76561198397481264
76561198397611216
76561198399824125
76561198400331754
76561198401607913
76561198407481384
76561198407638647
76561198408077986
76561198413153713
76561198414486482
76561198415238501
76561198419511834
76561198420740411
76561198422780249
76561198423895201
76561198424585337
76561198435487131
76561198444556593
76561198798137124
76561198804287085
76561198805164940
76561198805407549
76561198805516324
76561198810217526
76561198810400936
76561198810457044
76561198813880306
76561198814626131
76561198815911724
76561198816047707
76561198816799761
76561198820330206
76561198828774263
76561198837447989
76561198843153538
76561198844358561
76561198845403129
76561198847579175
76561198848239358
76561198854000134
76561198854620815
76561198855015041
76561198855176481
76561198855295931
76561198855328353
76561198855337612
76561198855545667
76561198855568288
76561198857933569
76561198859098173
76561198861644846
76561198861963270
76561198862110214
76561198862897411
76561198862999163
76561198863035942
76561198865202688
76561198865929025
76561198866736421
76561198867745042
76561198870795106
76561198871467199
76561198883175408
76561198885673240
76561198885700388
76561198900038120
76561198907673226
76561198908832170
76561198909108332
76561198909152127
76561198909178315
76561198909192747
76561198909317073
76561198909565717
76561198909758188
76561198909789492
76561198909811081
76561198909847339
76561198909853733
76561198909854762
76561198909886641
76561198909904044
76561198909905402
76561198909922556
76561198909926069
76561198909978039
76561198909997313
76561198910003672
76561198910009933
76561198910024734
76561198910028249
76561198910042616
76561198910053155
76561198910164529
76561198910174863
76561198952717920
76561198963581517
76561198966551520
76561198966556783
